sent_to_db_loop
0
0
3
5
6
7
10
17
18
23
24
25
33
33
41
46
49
50
50
51
51
51
51
59
59
60
70
70
79
81
81
86
90
90
94
94
